1|29.12.22 19:46|7,2|75,5|23,5|72,4|0|0|0
2|29.12.22 19:47|7,1|75,5|23,5|72,5|0|0|0
3|29.12.22 19:48|7,2|75,6|23,5|72,6|0|0|0
4|29.12.22 19:49|7,2|75,6|23,5|72,8|0|0|0
5|29.12.22 19:52|7,2|75,9|23,5|73,3|0|0|0
6|29.12.22 19:53|7,2|76,1|23,5|73,4|0|0|0
7|29.12.22 19:54|7,2|76,1|23,5|73,6|0|0|0
8|29.12.22 19:55|7|76,2|23,5|73,6|0|0|0
9|29.12.22 19:56|7|76,3|23,5|73,8|0|0|0
10|29.12.22 19:57|7,2|76,4|23,5|74|0|0|0
11|29.12.22 19:58|7,2|76,5|23,5|74,1|0|0|0
12|29.12.22 19:59|7,2|76,7|23,5|74,2|0|0|0
13|29.12.22 20:00|7|76,7|23,5|74,3|0|0|0
14|29.12.22 20:01|7,1|76,8|23,5|74,4|0|0|0
15|29.12.22 20:02|7,2|76,9|23,5|74,5|0|0|0
16|29.12.22 20:03|7|77|23,5|74,6|0|0|0
17|29.12.22 20:04|7,2|77|23,5|74,8|0|0|0
18|29.12.22 20:05|7,2|77,2|23,6|74,9|0|0|0
19|29.12.22 20:06|7,2|77,2|23,6|75,1|0|0|0
20|29.12.22 20:07|7|77,3|23,6|75,2|0|0|0
21|29.12.22 20:08|7|77,4|23,5|75,3|0|0|0
22|29.12.22 20:09|7,2|77,5|23,6|75,4|0|0|0
23|29.12.22 20:10|7|77,5|23,6|75,5|0|0|0
24|29.12.22 20:11|7|77,6|23,6|75,6|0|0|0
25|29.12.22 20:12|7|77,7|23,6|75,7|0|0|0
26|29.12.22 20:13|7,1|77,8|23,6|75,8|0|0|0
27|29.12.22 20:14|7,1|77,9|23,6|75,9|0|0|0
28|29.12.22 20:15|7|78|23,6|75,9|0|0|0
29|29.12.22 20:16|7|78|23,6|76,1|0|0|0
30|29.12.22 20:17|7,1|78,1|23,6|76,1|0|0|0
31|29.12.22 20:18|6,9|78,2|23,6|76,3|0|0|0
32|29.12.22 20:19|7|78,3|23,6|76,4|0|0|0
33|29.12.22 20:20|6,9|78,3|23,6|76,4|0|0|0
34|29.12.22 20:21|7|78,3|23,6|76,5|0|0|0
35|29.12.22 20:22|6,9|78,4|23,6|76,7|0|0|0
36|29.12.22 20:23|6,8|78,5|23,6|76,7|0|0|0
37|29.12.22 20:24|6,9|78,6|23,6|76,8|0|0|0
38|29.12.22 20:25|7|78,6|23,6|77|0|0|0
39|29.12.22 20:26|6,8|78,6|23,6|77|0|0|0
40|29.12.22 20:27|7|78,7|23,6|77|0|0|0
41|29.12.22 20:28|6,9|78,7|23,6|77,1|0|0|0
42|29.12.22 20:29|6,9|78,8|23,6|77,2|0|0|0
43|29.12.22 20:30|6,8|78,8|23,6|77,2|0|0|0
44|29.12.22 20:31|6,7|78,8|23,6|77,2|0|0|0
45|29.12.22 20:32|6,8|78,9|23,6|77,3|0|0|0
46|29.12.22 20:33|6,8|78,9|23,6|77,4|0|0|0
47|29.12.22 20:34|6,7|79|23,6|77,5|0|0|0
48|29.12.22 20:35|6,8|79,1|23,7|77,5|0|0|0
49|29.12.22 20:36|6,7|79,1|23,6|77,5|0|0|0
50|29.12.22 20:37|6,7|79,1|23,7|77,6|0|0|0
51|29.12.22 20:38|6,7|79,2|23,6|77,6|0|0|0
52|29.12.22 20:39|6,8|79,3|23,7|77,7|0|0|0
53|29.12.22 20:40|6,7|79,4|23,7|77,7|0|0|0
54|29.12.22 20:41|6,7|79,4|23,7|77,7|0|0|0
55|29.12.22 20:42|6,7|79,4|23,7|77,7|0|0|0
56|29.12.22 20:43|6,8|79,6|23,7|77,8|0|0|0
57|29.12.22 20:44|6,7|79,6|23,7|77,8|0|0|0
58|29.12.22 20:45|6,7|79,7|23,7|77,8|0|0|0
59|29.12.22 20:46|6,8|79,7|23,7|77,9|0|0|0
60|29.12.22 20:47|6,8|79,7|23,7|77,9|0|0|0
61|29.12.22 20:48|6,8|79,8|23,7|77,9|0|0|0
62|29.12.22 20:49|6,8|79,8|23,7|77,9|0|0|0
63|29.12.22 20:50|6,6|79,8|23,7|77,9|0|0|0
64|29.12.22 20:51|6,6|79,8|23,6|77,9|0|0|0
65|29.12.22 20:52|6,6|79,8|23,7|78|0|0|0
66|29.12.22 20:53|6,6|79,8|23,7|77,9|0|0|0
67|29.12.22 20:54|6,6|79,8|23,7|77,9|0|0|0
68|29.12.22 20:55|6,6|79,8|23,7|77,9|0|0|0
69|29.12.22 20:56|6,6|79,7|23,6|77,9|0|0|0
70|29.12.22 20:57|6,6|79,7|23,6|77,9|0|0|0
71|29.12.22 20:58|6,7|79,7|23,7|77,9|0|0|0
72|29.12.22 20:59|6,7|79,8|23,6|77,9|0|0|0
73|29.12.22 21:00|6,7|79,7|23,6|77,9|0|0|0
74|29.12.22 21:01|6,6|79,7|23,6|77,9|0|0|0
75|29.12.22 21:02|6,7|79,7|23,6|77,8|0|0|0
76|29.12.22 21:03|6,8|79,7|23,6|77,8|0|0|0
77|29.12.22 21:04|6,7|79,7|23,6|77,8|0|0|0
78|29.12.22 21:05|6,8|79,7|23,6|77,8|0|0|0
79|29.12.22 21:06|6,6|79,7|23,6|77,7|0|0|0
80|29.12.22 21:07|6,7|79,7|23,6|77,8|0|0|0
81|29.12.22 21:08|6,8|79,7|23,6|77,7|0|0|0
82|29.12.22 21:09|6,6|79,7|23,6|77,8|0|0|0
83|29.12.22 21:10|6,6|79,7|23,6|77,7|0|0|0
84|29.12.22 21:11|6,6|79,7|23,6|77,7|0|0|0
85|29.12.22 21:12|6,6|79,7|23,6|77,7|0|0|0
86|29.12.22 21:13|6,6|79,7|23,6|77,7|0|0|0
87|29.12.22 21:14|6,7|79,7|23,6|77,7|0|0|0
88|29.12.22 21:15|6,7|79,7|23,6|77,7|0|0|0
89|29.12.22 21:16|6,6|79,6|23,6|77,6|0|0|0
90|29.12.22 21:17|6,6|79,6|23,6|77,6|0|0|0
91|29.12.22 21:18|6,5|79,6|23,6|77,6|0|0|0
92|29.12.22 21:19|6,5|79,5|23,6|77,5|0|0|0
93|29.12.22 21:20|6,5|79,5|23,6|77,5|0|0|0
94|29.12.22 21:21|6,6|79,6|23,6|77,5|0|0|0
95|29.12.22 21:22|6,6|79,6|23,6|77,5|0|0|0
96|29.12.22 21:23|6,4|79,6|23,6|77,5|0|0|0
97|29.12.22 21:24|6,6|79,6|23,6|77,5|0|0|0
98|29.12.22 21:25|6,4|79,6|23,6|77,5|0|0|0
99|29.12.22 21:26|6,4|79,5|23,6|77,4|0|0|0
100|29.12.22 21:27|6,3|79,5|23,6|77,3|0|0|0
101|29.12.22 21:28|6,3|79,5|23,6|77,3|0|0|0
102|29.12.22 21:29|6,5|79,5|23,6|77,3|0|0|0
103|29.12.22 21:30|6,5|79,5|23,6|77,3|0|0|0
104|29.12.22 21:31|6,4|79,4|23,6|77,2|0|0|0
105|29.12.22 21:32|6,4|79,4|23,6|77,2|0|0|0
106|29.12.22 21:33|6,3|79,4|23,6|77,2|0|0|0
107|29.12.22 21:34|6,3|79,4|23,5|77,1|0|0|0
108|29.12.22 21:35|6,3|79,4|23,6|77,1|0|0|0
109|29.12.22 21:36|6,3|79,4|23,6|77|0|0|0
110|29.12.22 21:37|6,4|79,4|23,6|77|0|0|0
111|29.12.22 21:38|6,3|79,4|23,6|77|0|0|0
112|29.12.22 21:39|6,4|79,4|23,6|77|0|0|0
113|29.12.22 21:40|6,4|79,4|23,6|77|0|0|0
114|29.12.22 21:41|6,3|79,4|23,6|77|0|0|0
115|29.12.22 21:42|6,4|79,4|23,6|77|0|0|0
116|29.12.22 21:43|6,3|79,4|23,5|77|0|0|0
117|29.12.22 21:44|6,3|79,4|23,5|77|0|0|0
118|29.12.22 21:45|6,3|79,4|23,5|77|0|0|0
119|29.12.22 21:46|6,4|79,4|23,5|77|0|0|0
120|29.12.22 21:47|6,3|79,4|23,5|76,9|0|0|0
121|29.12.22 21:48|6,4|79,4|23,5|76,9|0|0|0
122|29.12.22 21:49|6,4|79,4|23,5|76,8|0|0|0
123|29.12.22 21:50|6,3|79,3|23,5|76,8|0|0|0
124|29.12.22 21:51|6,3|79,3|23,5|76,7|0|0|0
125|29.12.22 21:52|6,5|79,3|23,5|76,7|0|0|0
126|29.12.22 21:53|6,3|79,3|23,5|76,7|0|0|0
127|29.12.22 21:54|6,5|79,3|23,5|76,7|0|0|0
128|29.12.22 21:55|6,4|79,3|23,5|76,7|0|0|0
129|29.12.22 21:56|6,4|79,2|23,5|76,7|0|0|0
130|29.12.22 21:57|6,5|79,2|23,5|76,6|0|0|0
131|29.12.22 21:58|6,6|79,2|23,5|76,6|0|0|0
132|29.12.22 21:59|6,4|79,2|23,5|76,6|0|0|0
133|29.12.22 22:00|6,4|79,2|23,5|76,5|0|0|0
134|29.12.22 22:01|6,6|79,2|23,5|76,5|0|0|0
135|29.12.22 22:02|6,4|79,1|23,5|76,4|0|0|0
136|29.12.22 22:03|6,4|79,1|23,5|76,4|0|0|0
137|29.12.22 22:04|6,4|79,1|23,5|76,4|0|0|0
138|29.12.22 22:05|6,5|79,1|23,5|76,4|0|0|0
139|29.12.22 22:06|6,4|79,1|23,5|76,4|0|0|0
140|29.12.22 22:07|6,6|79,1|23,5|76,4|0|0|0
141|29.12.22 22:08|6,6|79,1|23,5|76,4|0|0|0
142|29.12.22 22:09|6,6|79,1|23,5|76,4|0|0|0
143|29.12.22 22:10|6,5|79,1|23,5|76,4|0|0|0
144|29.12.22 22:11|6,6|79,1|23,5|76,4|0|0|0
145|29.12.22 22:12|6,4|79,1|23,5|76,4|0|0|0
146|29.12.22 22:13|6,5|79,1|23,5|76,4|0|0|0
147|29.12.22 22:14|6,4|79,1|23,5|76,4|0|0|0
148|29.12.22 22:15|6,5|79,2|23,5|76,4|0|0|0
149|29.12.22 22:16|6,4|79,1|23,5|76,4|0|0|0
150|29.12.22 22:17|6,3|79,1|23,5|76,4|0|0|0
151|29.12.22 22:18|6,3|79,1|23,5|76,4|0|0|0
152|29.12.22 22:19|6,3|79,1|23,5|76,4|0|0|0
153|29.12.22 22:20|6,1|79,1|23,5|76,4|0|0|0
154|29.12.22 22:21|6,3|79,1|23,5|76,4|0|0|0
155|29.12.22 22:22|6,1|79,1|23,5|76,4|0|0|0
156|29.12.22 22:23|6,2|79,1|23,5|76,4|0|0|0
157|29.12.22 22:24|6,1|79,1|23,5|76,4|0|0|0
158|29.12.22 22:25|6|79,2|23,5|76,4|0|0|0
159|29.12.22 22:26|6,1|79,1|23,4|76,4|0|0|0
160|29.12.22 22:27|6|79,2|23,5|76,4|0|0|0
161|29.12.22 22:28|6|79,1|23,5|76,4|0|0|0
162|29.12.22 22:29|6,1|79,1|23,5|76,4|0|0|0
163|29.12.22 22:30|6|79,1|23,5|76,4|0|0|0
164|29.12.22 22:31|6|79,1|23,4|76,4|0|0|0
165|29.12.22 22:32|6,1|79,1|23,5|76,4|0|0|0
166|29.12.22 22:33|6|79,1|23,4|76,4|0|0|0
167|29.12.22 22:34|6|79,1|23,4|76,4|0|0|0
168|29.12.22 22:35|6,1|79,1|23,4|76,3|0|0|0
169|29.12.22 22:36|6,1|79,1|23,4|76,3|0|0|0
170|29.12.22 22:37|6|79,1|23,4|76,2|0|0|0
171|29.12.22 22:38|6,2|79,1|23,4|76,2|0|0|0
172|29.12.22 22:39|6,1|79,1|23,4|76,2|0|0|0
173|29.12.22 22:40|6,1|79,1|23,4|76,1|0|0|0
174|29.12.22 22:41|6,1|79,1|23,4|76,2|0|0|0
175|29.12.22 22:42|6,1|79,1|23,4|76,1|0|0|0
176|29.12.22 22:43|6,3|79,1|23,4|76,2|0|0|0
177|29.12.22 22:44|6,2|79,1|23,4|76,2|0|0|0
178|29.12.22 22:45|6,1|79,1|23,4|76,2|0|0|0
179|29.12.22 22:46|6,3|79,1|23,4|76,2|0|0|0
180|29.12.22 22:47|6,3|79,1|23,4|76,2|0|0|0
181|29.12.22 22:48|6,3|79,1|23,4|76,2|0|0|0
182|29.12.22 22:49|6,2|79,1|23,4|76,2|0|0|0
183|29.12.22 22:50|6,2|79,1|23,4|76,2|0|0|0
184|29.12.22 22:51|6,2|79,1|23,4|76,1|0|0|0
185|29.12.22 22:52|6,2|79,1|23,4|76,1|0|0|0
186|29.12.22 22:53|6,3|79,1|23,4|76,1|0|0|0
187|29.12.22 22:54|6,4|79,1|23,4|76,1|0|0|0
188|29.12.22 22:55|6,3|79|23,4|76,1|0|0|0
189|29.12.22 22:56|6,2|79|23,4|76,1|0|0|0
190|29.12.22 22:57|6,3|79|23,4|76|0|0|0
191|29.12.22 22:58|6,4|79|23,3|75,9|0|0|0
192|29.12.22 22:59|6,3|79|23,3|75,9|0|0|0
193|29.12.22 23:00|6,3|78,9|23,4|75,9|0|0|0
194|29.12.22 23:01|6,3|78,9|23,4|75,9|0|0|0
195|29.12.22 23:02|6,3|78,9|23,3|75,9|0|0|0
196|29.12.22 23:03|6,4|79|23,3|75,9|0|0|0
197|29.12.22 23:04|6,4|78,9|23,3|75,9|0|0|0
198|29.12.22 23:05|6,3|78,9|23,3|75,9|0|0|0
199|29.12.22 23:06|6,4|79|23,3|75,9|0|0|0
200|29.12.22 23:07|6,3|79|23,3|75,9|0|0|0
201|29.12.22 23:08|6,4|78,9|23,3|75,9|0|0|0
202|29.12.22 23:09|6,3|79|23,3|75,9|0|0|0
203|29.12.22 23:10|6,3|78,9|23,3|75,9|0|0|0
204|29.12.22 23:11|6,3|78,9|23,3|75,9|0|0|0
205|29.12.22 23:12|6,4|78,9|23,3|75,9|0|0|0
206|29.12.22 23:13|6,4|78,9|23,3|75,9|0|0|0
207|29.12.22 23:14|6,4|78,9|23,3|75,8|0|0|0
208|29.12.22 23:15|6,5|78,9|23,3|75,8|0|0|0
209|29.12.22 23:16|6,6|78,8|23,3|75,7|0|0|0
210|29.12.22 23:17|6,7|78,9|23,3|75,7|0|0|0
211|29.12.22 23:18|6,7|78,8|23,3|75,7|0|0|0
212|29.12.22 23:19|6,8|78,8|23,3|75,6|0|0|0
213|29.12.22 23:20|6,8|78,8|23,3|75,6|0|0|0
214|29.12.22 23:21|6,8|78,8|23,3|75,6|0|0|0
215|29.12.22 23:22|7|78,8|23,3|75,6|0|0|0
216|29.12.22 23:23|7|78,8|23,3|75,5|0|0|0
217|29.12.22 23:24|6,9|78,8|23,3|75,5|0|0|0
218|29.12.22 23:25|7|78,8|23,3|75,5|0|0|0
219|29.12.22 23:26|7,2|78,8|23,3|75,6|0|0|0
220|29.12.22 23:27|7|78,8|23,2|75,6|0|0|0
221|29.12.22 23:28|7,2|78,8|23,3|75,6|0|0|0
222|29.12.22 23:29|7,1|78,8|23,2|75,6|0|0|0
223|29.12.22 23:30|7,1|78,8|23,3|75,6|0|0|0
224|29.12.22 23:31|7,3|78,8|23,2|75,6|0|0|0
225|29.12.22 23:32|7,2|78,8|23,2|75,6|0|0|0
226|29.12.22 23:33|7,3|78,8|23,2|75,5|0|0|0
227|29.12.22 23:34|7,3|78,8|23,2|75,5|0|0|0
228|29.12.22 23:35|7,3|78,8|23,2|75,5|0|0|0
229|29.12.22 23:36|7,3|78,8|23,2|75,4|0|0|0
230|29.12.22 23:37|7,4|78,8|23,2|75,4|0|0|0
231|29.12.22 23:38|7,3|78,8|23,3|75,4|0|0|0
232|29.12.22 23:39|7,3|78,7|23,2|75,4|0|0|0
233|29.12.22 23:40|7,3|78,8|23,2|75,3|0|0|0
234|29.12.22 23:41|7,3|78,7|23,2|75,3|0|0|0
235|29.12.22 23:42|7,5|78,8|23,2|75,2|0|0|0
236|29.12.22 23:43|7,3|78,7|23,2|75,2|0|0|0
237|29.12.22 23:44|7,5|78,7|23,2|75,2|0|0|0
238|29.12.22 23:45|7,4|78,7|23,2|75,1|0|0|0
239|29.12.22 23:46|7,3|78,7|23,2|75,2|0|0|0
240|29.12.22 23:47|7,3|78,7|23,2|75,2|0|0|0
241|29.12.22 23:48|7,3|78,7|23,2|75,2|0|0|0
242|29.12.22 23:49|7,1|78,7|23,2|75,1|0|0|0
243|29.12.22 23:50|7,2|78,7|23,2|75,2|0|0|0
244|29.12.22 23:51|7|78,7|23,2|75,1|0|0|0
245|29.12.22 23:52|7|78,6|23,2|75,2|0|0|0
246|29.12.22 23:53|7,1|78,7|23,2|75,2|0|0|0
247|29.12.22 23:54|6,9|78,7|23,2|75,1|0|0|0
248|29.12.22 23:55|6,8|78,7|23,2|75,1|0|0|0
249|29.12.22 23:56|6,8|78,7|23,2|75,1|0|0|0
250|29.12.22 23:57|7|78,7|23,2|75,1|0|0|0
251|29.12.22 23:58|6,9|78,7|23,2|75,2|0|0|0
252|29.12.22 23:59|6,7|78,7|23,2|75,1|0|0|0
253|30.12.22 00:00|6,8|78,6|23,2|75,1|0|0|0
254|30.12.22 00:01|6,8|78,7|23,2|75,1|0|0|0
255|30.12.22 00:02|6,7|78,6|23,2|75,1|0|0|0
256|30.12.22 00:03|6,7|78,6|23,2|75,2|0|0|0
257|30.12.22 00:04|6,7|78,7|23,2|75,1|0|0|0
258|30.12.22 00:05|6,8|78,7|23,2|75,1|0|0|0
259|30.12.22 00:06|6,8|78,6|23,2|75,1|0|0|0
260|30.12.22 00:07|6,8|78,6|23,2|75,1|0|0|0
261|30.12.22 00:08|6,7|78,6|23,2|75,1|0|0|0
262|30.12.22 00:09|6,8|78,6|23,2|75,1|0|0|0
263|30.12.22 00:10|6,8|78,6|23,2|75,1|0|0|0
264|30.12.22 00:11|6,8|78,6|23,2|75,1|0|0|0
265|30.12.22 00:12|6,7|78,6|23,2|75,1|0|0|0
266|30.12.22 00:13|6,7|78,6|23,2|75,1|0|0|0
267|30.12.22 00:14|6,8|78,6|23,2|75,1|0|0|0
268|30.12.22 00:15|6,8|78,6|23,2|75,1|0|0|0
269|30.12.22 00:16|6,8|78,6|23,2|75,1|0|0|0
270|30.12.22 00:17|6,7|78,6|23,2|75,1|0|0|0
271|30.12.22 00:18|6,9|78,6|23,2|75,1|0|0|0
272|30.12.22 00:19|6,9|78,6|23,2|75,1|0|0|0
273|30.12.22 00:20|6,7|78,6|23,2|75,1|0|0|0
274|30.12.22 00:21|6,7|78,6|23,2|75,1|0|0|0
275|30.12.22 00:22|6,9|78,6|23,2|75|0|0|0
276|30.12.22 00:23|6,9|78,6|23,1|75|0|0|0
277|30.12.22 00:24|6,9|78,6|23,1|75|0|0|0
278|30.12.22 00:25|6,8|78,6|23,1|75|0|0|0
279|30.12.22 00:26|6,9|78,6|23,1|74,9|0|0|0
280|30.12.22 00:27|6,8|78,6|23,1|74,9|0|0|0
281|30.12.22 00:28|7|78,6|23,1|74,9|0|0|0
282|30.12.22 00:29|7|78,6|23,2|74,8|0|0|0
283|30.12.22 00:30|7|78,6|23,1|74,8|0|0|0
284|30.12.22 00:31|6,8|78,5|23,1|74,8|0|0|0
285|30.12.22 00:32|7|78,6|23,1|74,9|0|0|0
286|30.12.22 00:33|7,1|78,6|23,1|74,9|0|0|0
287|30.12.22 00:34|7|78,5|23,1|74,9|0|0|0
288|30.12.22 00:35|7,1|78,5|23,1|74,8|0|0|0
289|30.12.22 00:36|7,1|78,5|23,1|74,8|0|0|0
290|30.12.22 00:37|7,2|78,5|23,1|74,8|0|0|0
291|30.12.22 00:38|7|78,5|23,1|74,8|0|0|0
292|30.12.22 00:39|7|78,5|23,1|74,8|0|0|0
293|30.12.22 00:40|7,2|78,5|23,1|74,8|0|0|0
294|30.12.22 00:41|7,1|78,5|23,1|74,8|0|0|0
295|30.12.22 00:42|7,1|78,5|23,1|74,8|0|0|0
296|30.12.22 00:43|7|78,5|23,1|74,8|0|0|0
297|30.12.22 00:44|7,2|78,5|23,1|74,8|0|0|0
298|30.12.22 00:45|7,2|78,5|23,1|74,8|0|0|0
299|30.12.22 00:46|7,2|78,5|23,1|74,8|0|0|0
300|30.12.22 00:47|7|78,5|23,1|74,8|0|0|0
301|30.12.22 00:48|7,2|78,5|23,1|74,8|0|0|0
302|30.12.22 00:49|7,2|78,4|23,1|74,7|0|0|0
303|30.12.22 00:50|7,2|78,4|23,1|74,7|0|0|0
304|30.12.22 00:51|7|78,4|23,1|74,7|0|0|0
305|30.12.22 00:52|7,1|78,4|23,1|74,7|0|0|0
306|30.12.22 00:53|7|78,4|23,1|74,7|0|0|0
307|30.12.22 00:54|7,1|78,4|23,1|74,7|0|0|0
308|30.12.22 00:55|7|78,4|23,1|74,7|0|0|0
309|30.12.22 00:56|7|78,4|23,1|74,7|0|0|0
310|30.12.22 00:57|7,1|78,4|23,1|74,7|0|0|0
311|30.12.22 00:58|6,9|78,4|23,1|74,7|0|0|0
312|30.12.22 00:59|7|78,4|23,1|74,7|0|0|0
313|30.12.22 01:00|7|78,4|23,1|74,6|0|0|0
314|30.12.22 01:01|7,1|78,4|23,1|74,6|0|0|0
315|30.12.22 01:02|7|78,3|23,1|74,6|0|0|0
316|30.12.22 01:03|7,1|78,4|23,1|74,6|0|0|0
317|30.12.22 01:04|7|78,4|23,1|74,5|0|0|0
318|30.12.22 01:05|7,1|78,3|23,1|74,5|0|0|0
319|30.12.22 01:06|6,9|78,3|23,1|74,5|0|0|0
320|30.12.22 01:07|7|78,3|23,1|74,5|0|0|0
321|30.12.22 01:08|6,9|78,3|23,1|74,4|0|0|0
322|30.12.22 01:09|6,9|78,3|23,1|74,4|0|0|0
323|30.12.22 01:10|7|78,3|23,1|74,4|0|0|0
324|30.12.22 01:11|6,9|78,3|23,1|74,3|0|0|0
325|30.12.22 01:12|7|78,3|23,1|74,3|0|0|0
326|30.12.22 01:13|7|78,3|23,1|74,3|0|0|0
327|30.12.22 01:14|7|78,3|23,1|74,3|0|0|0
328|30.12.22 01:15|6,8|78,3|23,1|74,3|0|0|0
329|30.12.22 01:16|6,9|78,3|23,1|74,3|0|0|0
330|30.12.22 01:17|6,8|78,3|23,1|74,3|0|0|0
331|30.12.22 01:18|6,8|78,3|23,1|74,3|0|0|0
332|30.12.22 01:19|6,8|78,3|23,1|74,3|0|0|0
333|30.12.22 01:20|7|78,3|23,1|74,3|0|0|0
334|30.12.22 01:21|7|78,3|23,1|74,3|0|0|0
335|30.12.22 01:22|6,8|78,3|23,1|74,3|0|0|0
336|30.12.22 01:23|7|78,3|23,1|74,3|0|0|0
337|30.12.22 01:24|7|78,3|23,1|74,3|0|0|0
338|30.12.22 01:25|6,9|78,3|23,1|74,3|0|0|0
339|30.12.22 01:26|6,8|78,2|23|74,3|0|0|0
340|30.12.22 01:27|6,9|78,3|23,1|74,3|0|0|0
341|30.12.22 01:28|6,9|78,3|23,1|74,3|0|0|0
342|30.12.22 01:29|6,8|78,2|23|74,3|0|0|0
343|30.12.22 01:30|6,7|78,2|23|74,2|0|0|0
344|30.12.22 01:31|6,9|78,2|23|74,2|0|0|0
345|30.12.22 01:32|6,7|78,2|23|74,2|0|0|0
346|30.12.22 01:33|6,9|78,2|23|74,2|0|0|0
347|30.12.22 01:34|6,8|78,2|23|74,1|0|0|0
348|30.12.22 01:35|6,7|78,2|23|74,1|0|0|0
349|30.12.22 01:36|6,8|78,2|23|74,1|0|0|0
350|30.12.22 01:37|6,8|78,2|23|74,1|0|0|0
351|30.12.22 01:38|6,9|78,2|23|74,1|0|0|0
352|30.12.22 01:39|6,8|78,2|23|74,1|0|0|0
353|30.12.22 01:40|6,7|78,1|23|74,1|0|0|0
354|30.12.22 01:41|6,7|78,1|23|74,1|0|0|0
355|30.12.22 01:42|6,7|78,1|23|74,1|0|0|0
356|30.12.22 01:43|6,8|78,2|23|74,1|0|0|0
357|30.12.22 01:44|6,7|78,1|23|74,1|0|0|0
358|30.12.22 01:45|6,8|78,1|23|74,1|0|0|0
359|30.12.22 01:46|6,7|78,1|23|74,1|0|0|0
360|30.12.22 01:47|6,7|78,1|23|74,1|0|0|0
361|30.12.22 01:48|6,7|78,1|23|74,1|0|0|0
362|30.12.22 01:49|6,6|78,1|23|74,1|0|0|0
363|30.12.22 01:50|6,8|78,1|23|74,1|0|0|0
364|30.12.22 01:51|6,7|78,1|23|74,1|0|0|0
365|30.12.22 01:52|6,7|78,1|22,9|74,1|0|0|0
366|30.12.22 01:53|6,8|78,1|23|74,1|0|0|0
367|30.12.22 01:54|6,6|78|23|74|0|0|0
368|30.12.22 01:55|6,7|78,1|22,9|74|0|0|0
369|30.12.22 01:56|6,6|78|22,9|74|0|0|0
370|30.12.22 01:57|6,6|78|22,9|73,9|0|0|0
371|30.12.22 01:58|6,8|78,1|22,9|73,9|0|0|0
372|30.12.22 01:59|6,7|78|22,9|73,9|0|0|0
373|30.12.22 02:00|6,7|78|22,9|73,9|0|0|0
374|30.12.22 02:01|6,6|78|22,9|73,9|0|0|0
375|30.12.22 02:02|6,6|78|22,9|73,9|0|0|0
376|30.12.22 02:03|6,6|78|22,9|73,9|0|0|0
377|30.12.22 02:04|6,6|78|22,9|73,9|0|0|0
378|30.12.22 02:05|6,7|78|22,9|73,9|0|0|0
379|30.12.22 02:06|6,6|78|22,9|73,9|0|0|0
380|30.12.22 02:07|6,6|78|22,9|73,9|0|0|0
381|30.12.22 02:08|6,6|78|22,9|74|0|0|0
382|30.12.22 02:09|6,6|78|22,9|74,1|0|0|0
383|30.12.22 02:10|6,6|78|22,9|74,1|0|0|0
384|30.12.22 02:11|6,5|78|22,9|74,2|0|0|0
385|30.12.22 02:12|6,4|78|22,9|74,3|0|0|0
386|30.12.22 02:13|6,4|78|22,9|74,3|0|0|0
387|30.12.22 02:14|6,5|78|22,9|74,3|0|0|0
388|30.12.22 02:15|6,4|78|22,9|74,2|0|0|0
389|30.12.22 02:16|6,3|78|22,9|74,1|0|0|0
390|30.12.22 02:17|6,3|78|22,9|74,1|0|0|0
391|30.12.22 02:18|6,3|78|22,9|74|0|0|0
392|30.12.22 02:19|6,4|78|22,9|73,9|0|0|0
393|30.12.22 02:20|6,4|78|22,9|73,8|0|0|0
394|30.12.22 02:21|6,3|78|22,9|73,8|0|0|0
395|30.12.22 02:22|6,4|78|22,9|73,8|0|0|0
396|30.12.22 02:23|6,4|78|22,9|73,6|0|0|0
397|30.12.22 02:24|6,3|78|22,9|73,7|0|0|0
398|30.12.22 02:25|6,4|78|22,9|73,7|0|0|0
399|30.12.22 02:26|6,4|78|22,9|73,6|0|0|0
400|30.12.22 02:27|6,3|78|22,9|73,6|0|0|0
401|30.12.22 02:28|6,3|77,9|22,9|73,6|0|0|0
402|30.12.22 02:29|6,3|77,9|22,9|73,4|0|0|0
403|30.12.22 02:30|6,3|77,9|22,9|73,4|0|0|0
404|30.12.22 02:31|6,3|77,9|22,8|73,3|0|0|0
405|30.12.22 02:32|6,2|77,9|22,8|73,2|0|0|0
406|30.12.22 02:33|6,2|77,9|22,9|73,2|0|0|0
407|30.12.22 02:34|6,3|77,9|22,8|73,1|0|0|0
408|30.12.22 02:35|6,3|77,9|22,8|73,1|0|0|0
409|30.12.22 02:36|6,1|77,9|22,8|73|0|0|0
410|30.12.22 02:37|6,1|77,9|22,8|73|0|0|0
411|30.12.22 02:38|6,1|77,8|22,8|73|0|0|0
412|30.12.22 02:39|6,2|77,8|22,8|72,9|0|0|0
413|30.12.22 02:40|6,1|77,8|22,8|72,8|0|0|0
414|30.12.22 02:41|6,1|77,8|22,8|72,7|0|0|0
415|30.12.22 02:42|6,2|77,8|22,8|72,7|0|0|0
416|30.12.22 02:43|6,2|77,8|22,8|72,7|0|0|0
417|30.12.22 02:44|6,1|77,8|22,8|72,6|0|0|0
418|30.12.22 02:45|6,2|77,8|22,8|72,5|0|0|0
419|30.12.22 02:46|6,1|77,7|22,8|72,5|0|0|0
420|30.12.22 02:47|6,1|77,7|22,8|72,5|0|0|0
421|30.12.22 02:48|6,1|77,7|22,8|72,5|0|0|0
422|30.12.22 02:49|6|77,7|22,8|72,5|0|0|0
423|30.12.22 02:50|6|77,7|22,8|72,5|0|0|0
424|30.12.22 02:51|6|77,7|22,8|72,5|0|0|0
425|30.12.22 02:52|6|77,7|22,8|72,5|0|0|0
426|30.12.22 02:53|6,1|77,7|22,8|72,5|0|0|0
427|30.12.22 02:54|6|77,7|22,8|72,5|0|0|0
428|30.12.22 02:55|6,1|77,7|22,8|72,5|0|0|0
429|30.12.22 02:56|6,1|77,7|22,8|72,4|0|0|0
430|30.12.22 02:57|6|77,7|22,8|72,4|0|0|0
431|30.12.22 02:58|6|77,7|22,8|72,4|0|0|0
432|30.12.22 02:59|5,9|77,7|22,7|72,4|0|0|0
433|30.12.22 03:00|5,9|77,7|22,7|72,4|0|0|0
434|30.12.22 03:01|6|77,7|22,8|72,4|0|0|0
435|30.12.22 03:02|6|77,7|22,7|72,4|0|0|0
436|30.12.22 03:03|6|77,7|22,7|72,3|0|0|0
437|30.12.22 03:04|5,9|77,6|22,7|72,2|0|0|0
438|30.12.22 03:05|6|77,6|22,7|72,2|0|0|0
439|30.12.22 03:06|5,8|77,6|22,7|72,2|0|0|0
440|30.12.22 03:07|6|77,6|22,7|72,2|0|0|0
441|30.12.22 03:08|5,8|77,6|22,7|72,2|0|0|0
442|30.12.22 03:09|6|77,6|22,7|72,2|0|0|0
443|30.12.22 03:10|5,8|77,6|22,7|72,2|0|0|0
444|30.12.22 03:11|5,9|77,6|22,7|72,3|0|0|0
445|30.12.22 03:12|5,8|77,5|22,7|72,2|0|0|0
446|30.12.22 03:13|5,8|77,5|22,7|72,2|0|0|0
447|30.12.22 03:14|5,7|77,5|22,6|72,2|0|0|0
448|30.12.22 03:15|5,7|77,5|22,6|72,1|0|0|0
449|30.12.22 03:16|5,7|77,5|22,6|72,1|0|0|0
450|30.12.22 03:17|5,7|77,5|22,7|72|0|0|0
451|30.12.22 03:18|5,8|77,5|22,6|72|0|0|0
452|30.12.22 03:19|5,8|77,5|22,6|72|0|0|0
453|30.12.22 03:20|5,8|77,5|22,6|72|0|0|0
454|30.12.22 03:21|5,8|77,5|22,6|72|0|0|0
455|30.12.22 03:22|5,8|77,5|22,6|71,9|0|0|0
456|30.12.22 03:23|5,7|77,5|22,6|71,9|0|0|0
457|30.12.22 03:24|5,7|77,5|22,6|71,9|0|0|0
458|30.12.22 03:25|5,8|77,5|22,6|71,8|0|0|0
459|30.12.22 03:26|5,7|77,5|22,6|71,7|0|0|0
460|30.12.22 03:27|5,6|77,5|22,6|71,7|0|0|0
461|30.12.22 03:28|5,7|77,5|22,6|71,7|0|0|0
462|30.12.22 03:29|5,8|77,5|22,6|71,7|0|0|0
463|30.12.22 03:30|5,7|77,5|22,6|71,6|0|0|0
464|30.12.22 03:31|5,6|77,5|22,6|71,6|0|0|0
465|30.12.22 03:32|5,7|77,5|22,6|71,6|0|0|0
466|30.12.22 03:33|5,7|77,5|22,6|71,7|0|0|0
467|30.12.22 03:34|5,6|77,4|22,6|71,6|0|0|0
468|30.12.22 03:35|5,7|77,5|22,6|71,7|0|0|0
469|30.12.22 03:36|5,7|77,4|22,6|71,7|0|0|0
470|30.12.22 03:37|5,5|77,4|22,6|71,7|0|0|0
471|30.12.22 03:38|5,7|77,4|22,6|71,7|0|0|0
472|30.12.22 03:39|5,5|77,4|22,6|71,7|0|0|0
473|30.12.22 03:40|5,7|77,4|22,6|71,7|0|0|0
474|30.12.22 03:41|5,5|77,4|22,6|71,7|0|0|0
475|30.12.22 03:42|5,7|77,4|22,6|71,7|0|0|0
476|30.12.22 03:43|5,5|77,4|22,6|71,7|0|0|0
477|30.12.22 03:44|5,4|77,4|22,6|71,7|0|0|0
478|30.12.22 03:45|5,6|77,4|22,6|71,7|0|0|0
479|30.12.22 03:46|5,4|77,3|22,6|71,7|0|0|0
480|30.12.22 03:47|5,5|77,4|22,5|71,7|0|0|0
481|30.12.22 03:48|5,5|77,4|22,6|71,7|0|0|0
482|30.12.22 03:49|5,5|77,4|22,6|71,7|0|0|0
483|30.12.22 03:50|5,4|77,3|22,5|71,6|0|0|0
484|30.12.22 03:51|5,5|77,3|22,5|71,6|0|0|0
485|30.12.22 03:52|5,5|77,3|22,5|71,6|0|0|0
486|30.12.22 03:53|5,4|77,3|22,5|71,6|0|0|0
487|30.12.22 03:54|5,5|77,3|22,5|71,5|0|0|0
488|30.12.22 03:55|5,4|77,3|22,5|71,6|0|0|0
489|30.12.22 03:56|5,4|77,3|22,5|71,7|0|0|0
490|30.12.22 03:57|5,4|77,3|22,5|71,7|0|0|0
491|30.12.22 03:58|5,4|77,3|22,5|71,7|0|0|0
492|30.12.22 03:59|5,4|77,3|22,5|71,7|0|0|0
493|30.12.22 04:00|5,2|77,2|22,5|71,6|0|0|0
494|30.12.22 04:01|5,4|77,3|22,5|71,5|0|0|0
495|30.12.22 04:02|5,2|77,2|22,4|71,5|0|0|0
496|30.12.22 04:03|5,4|77,2|22,5|71,5|0|0|0
497|30.12.22 04:04|5,2|77,2|22,5|71,4|0|0|0
498|30.12.22 04:05|5,4|77,2|22,5|71,3|0|0|0
499|30.12.22 04:06|5,2|77,2|22,5|71,3|0|0|0
500|30.12.22 04:07|5,4|77,2|22,4|71,3|0|0|0
501|30.12.22 04:08|5,2|77,2|22,5|71,3|0|0|0
502|30.12.22 04:09|5,2|77,2|22,4|71,2|0|0|0
503|30.12.22 04:10|5,3|77,2|22,4|71|0|0|0
504|30.12.22 04:11|5,4|77,2|22,4|71|0|0|0
505|30.12.22 04:12|5,2|77,2|22,4|71|0|0|0
506|30.12.22 04:13|5,2|77,2|22,4|70,9|0|0|0
507|30.12.22 04:14|5,4|77,2|22,4|70,9|0|0|0
508|30.12.22 04:15|5,3|77,2|22,4|70,8|0|0|0
509|30.12.22 04:16|5,3|77,2|22,4|70,8|0|0|0
510|30.12.22 04:17|5,3|77,2|22,4|70,9|0|0|0
511|30.12.22 04:18|5,2|77,1|22,4|70,9|0|0|0
512|30.12.22 04:19|5,3|77,1|22,4|70,9|0|0|0
513|30.12.22 04:20|5,2|77,2|22,4|71|0|0|0
514|30.12.22 04:21|5,2|77,1|22,4|70,8|0|0|0
515|30.12.22 04:22|5,2|77,1|22,4|70,8|0|0|0
516|30.12.22 04:23|5,2|77,1|22,4|70,8|0|0|0
517|30.12.22 04:24|5,1|77,1|22,4|70,7|0|0|0
518|30.12.22 04:25|5,1|77,1|22,4|70,7|0|0|0
519|30.12.22 04:26|5,3|77,1|22,4|70,6|0|0|0
520|30.12.22 04:27|5,3|77,1|22,4|70,6|0|0|0
521|30.12.22 04:28|5,3|77|22,4|70,5|0|0|0
522|30.12.22 04:29|5,3|77|22,4|70,5|0|0|0
523|30.12.22 04:30|5,2|77|22,4|70,4|0|0|0
524|30.12.22 04:31|5,1|77|22,4|70,4|0|0|0
525|30.12.22 04:32|5,1|77|22,4|70,3|0|0|0
526|30.12.22 04:33|5,2|77|22,4|70,3|0|0|0
527|30.12.22 04:34|5,1|77|22,4|70,2|0|0|0
528|30.12.22 04:35|5,2|77|22,4|70,2|0|0|0
529|30.12.22 04:36|5,2|77|22,4|70,2|0|0|0
530|30.12.22 04:37|5,1|77|22,4|70,1|0|0|0
531|30.12.22 04:38|5,2|77|22,4|70,1|0|0|0
532|30.12.22 04:39|5,1|77|22,4|70,1|0|0|0
533|30.12.22 04:40|5,1|77|22,4|70,1|0|0|0
534|30.12.22 04:41|5,2|77|22,3|70,1|0|0|0
535|30.12.22 04:42|5,2|77|22,4|70,1|0|0|0
536|30.12.22 04:43|5,1|77|22,3|70,1|0|0|0
537|30.12.22 04:44|5,2|77|22,4|70,1|0|0|0
538|30.12.22 04:45|5,1|76,9|22,3|70,1|0|0|0
539|30.12.22 04:46|5,1|76,9|22,4|70,1|0|0|0
540|30.12.22 04:47|5,2|77|22,3|70,1|0|0|0
541|30.12.22 04:48|5,2|77|22,3|70,1|0|0|0
542|30.12.22 04:49|5,1|76,9|22,3|70,1|0|0|0
543|30.12.22 04:50|5,1|76,9|22,3|70,1|0|0|0
544|30.12.22 04:51|5,1|76,9|22,3|70|0|0|0
545|30.12.22 04:52|5,1|76,9|22,3|70|0|0|0
546|30.12.22 04:53|5,1|76,9|22,3|69,9|0|0|0
547|30.12.22 04:54|5,1|76,9|22,3|70|0|0|0
548|30.12.22 04:55|5,2|76,9|22,3|70|0|0|0
549|30.12.22 04:56|5,2|76,9|22,3|69,9|0|0|0
550|30.12.22 04:57|5|76,8|22,3|69,9|0|0|0
551|30.12.22 04:58|5,1|76,8|22,3|69,9|0|0|0
552|30.12.22 04:59|5,1|76,8|22,3|69,9|0|0|0
553|30.12.22 05:00|5,2|76,9|22,3|70|0|0|0
554|30.12.22 05:01|5|76,8|22,3|70|0|0|0
555|30.12.22 05:02|5,1|76,8|22,3|70|0|0|0
556|30.12.22 05:03|5|76,8|22,2|70|0|0|0
557|30.12.22 05:04|5,1|76,8|22,2|70|0|0|0
558|30.12.22 05:05|5|76,8|22,2|70,1|0|0|0
559|30.12.22 05:06|5,1|76,8|22,2|70,1|0|0|0
560|30.12.22 05:07|5,1|76,8|22,2|70,1|0|0|0
561|30.12.22 05:08|5|76,8|22,2|70,1|0|0|0
562|30.12.22 05:09|5|76,8|22,2|70,1|0|0|0
563|30.12.22 05:10|4,9|76,8|22,2|70|0|0|0
564|30.12.22 05:11|5|76,8|22,2|70|0|0|0
565|30.12.22 05:12|5,1|76,8|22,2|70|0|0|0
566|30.12.22 05:13|4,9|76,8|22,2|70|0|0|0
567|30.12.22 05:14|4,9|76,7|22,6|69,9|40|0|0
568|30.12.22 05:15|5,2|76,8|22,3|70|0|0|0
569|30.12.22 05:16|5,1|76,7|22,3|69,9|0|0|0
570|30.12.22 05:17|5|76,7|22,3|69,9|0|0|0
571|30.12.22 05:18|5,1|76,7|22,3|70|0|0|0
572|30.12.22 05:19|5,1|76,7|22,3|70|0|0|0
573|30.12.22 05:20|5|76,7|22,3|70|0|0|0
574|30.12.22 05:21|5|76,7|22,3|70|0|0|0
575|30.12.22 05:22|5|76,7|22,3|70|0|0|0
576|30.12.22 05:23|5,1|76,7|22,2|70|0|0|0
577|30.12.22 05:24|5|76,7|22,2|70|0|0|0
578|30.12.22 05:25|5|76,7|22,2|70|0|0|0
579|30.12.22 05:26|5,1|76,7|22,2|70|0|0|0
580|30.12.22 05:27|4,9|76,7|22,2|69,9|0|0|0
581|30.12.22 05:28|5|76,7|22,2|70|0|0|0
582|30.12.22 05:29|5|76,7|22,2|69,9|0|0|0
583|30.12.22 05:30|5|76,7|22,2|69,9|0|0|0
584|30.12.22 05:31|5|76,7|22,2|69,9|0|0|0
585|30.12.22 05:32|5|76,7|22,2|69,9|0|0|0
586|30.12.22 05:33|5|76,7|22,2|69,9|0|0|0
587|30.12.22 05:34|4,9|76,7|22,2|69,9|0|0|0
588|30.12.22 05:35|5|76,7|22,2|69,9|0|0|0
589|30.12.22 05:36|5|76,7|22,2|69,9|0|0|0
590|30.12.22 05:37|4,9|76,7|22,2|69,9|0|0|0
591|30.12.22 05:38|5|76,7|22,2|69,9|0|0|0
592|30.12.22 05:39|5|76,7|22,2|69,9|0|0|0
593|30.12.22 05:40|4,8|76,7|22,2|69,9|0|0|0
594|30.12.22 05:41|5|76,6|22,2|69,9|0|0|0
595|30.12.22 05:42|5|76,6|22,2|69,9|0|0|0
596|30.12.22 05:43|5|76,6|22,2|69,9|0|0|0
597|30.12.22 05:44|4,8|76,6|22,2|69,9|0|0|0
598|30.12.22 05:45|5,1|76,7|21,5|69,8|0|0|0
599|30.12.22 05:46|5|76,6|21,4|69,8|0|0|0
600|30.12.22 05:47|5|76,6|21,3|69,8|0|0|0
601|30.12.22 05:48|4,8|76,6|21,1|69,7|0|0|0
602|30.12.22 05:49|5|76,6|21|69,7|0|0|0
603|30.12.22 05:50|5|76,6|20,9|69,7|0|0|0
604|30.12.22 05:51|5|76,6|20,9|69,7|0|0|0
605|30.12.22 05:52|4,9|76,6|20,9|69,7|0|0|0
606|30.12.22 05:53|4,8|76,5|20,9|69,7|0|0|0
607|30.12.22 05:54|4,9|76,5|20,9|69,7|0|0|0
608|30.12.22 05:55|4,7|76,5|20,8|69,7|0|0|0
609|30.12.22 05:56|4,6|76,5|20,8|69,7|0|0|0
610|30.12.22 05:57|4,8|76,5|20,8|69,8|0|0|0
611|30.12.22 05:58|4,8|76,5|20,8|69,7|0|0|0
612|30.12.22 05:59|4,8|76,5|20,8|69,7|0|0|0
613|30.12.22 06:00|4,8|76,5|20,8|69,7|0|0|0
614|30.12.22 06:01|4,6|76,5|20,8|69,7|0|0|0
615|30.12.22 06:02|4,8|76,4|20,9|69,7|0|0|0
616|30.12.22 06:03|4,6|76,5|20,9|69,7|0|0|0
617|30.12.22 06:04|4,8|76,5|20,9|69,7|0|0|0
618|30.12.22 06:05|4,8|76,5|20,9|69,7|0|0|0
619|30.12.22 06:06|4,6|76,4|20,9|69,6|0|0|0
620|30.12.22 06:07|4,6|76,4|20,9|69,6|0|0|0
621|30.12.22 06:08|4,8|76,4|20,9|69,6|0|0|0
622|30.12.22 06:09|4,8|76,4|20,9|69,6|0|0|0
623|30.12.22 06:10|4,8|76,4|20,9|69,6|0|0|0
624|30.12.22 06:11|4,8|76,4|20,9|69,6|0|0|0
625|30.12.22 06:12|4,8|76,4|20,9|69,6|0|0|0
626|30.12.22 06:13|4,8|76,4|20,9|69,6|0|0|0
627|30.12.22 06:14|4,8|76,4|20,9|69,6|0|0|0
628|30.12.22 06:15|4,7|76,4|20,7|69,6|40|0|0
629|30.12.22 06:16|4,8|76,4|20|69,6|0|0|0
630|30.12.22 06:17|4,8|76,4|19,8|69,6|0|0|0
631|30.12.22 06:18|4,9|76,4|19,6|69,6|0|0|0
632|30.12.22 06:19|4,9|76,4|19,5|69,5|0|0|0
633|30.12.22 06:20|4,8|76,4|19,4|69,5|0|0|0
634|30.12.22 06:21|4,8|76,4|19,4|69,5|0|0|0
635|30.12.22 06:22|4,8|76,4|19,3|69,4|0|0|0
636|30.12.22 06:23|4,8|76,4|19,3|69,4|0|0|0
637|30.12.22 06:24|4,9|76,4|19,3|69,4|0|0|0
638|30.12.22 06:25|4,8|76,4|19,3|69,4|0|0|0
639|30.12.22 06:26|4,8|76,3|19,3|69,4|0|0|0
640|30.12.22 06:27|4,8|76,4|19,3|69,4|0|0|0
641|30.12.22 06:28|4,8|76,3|19,3|69,4|0|0|0
642|30.12.22 06:29|4,8|76,3|19,3|69,4|0|0|0
643|30.12.22 06:30|4,8|76,3|19,3|69,4|0|0|0
644|30.12.22 06:31|4,8|76,3|19,4|69,4|0|0|0
645|30.12.22 06:32|4,8|76,3|19,4|69,4|0|0|0
646|30.12.22 06:33|4,8|76,3|19,4|69,4|0|0|0
647|30.12.22 06:34|5|76,3|19,4|69,4|0|0|0
648|30.12.22 06:35|4,8|76,3|19,4|69,4|0|0|0
649|30.12.22 06:36|4,9|76,3|19,4|69,3|0|0|0
650|30.12.22 06:37|4,8|76,3|19,4|69,3|0|0|0
651|30.12.22 06:38|4,9|76,3|19,5|69,3|0|0|0
652|30.12.22 06:39|4,9|76,3|19,5|69,2|0|0|0
653|30.12.22 06:40|4,8|76,2|19,6|69,2|0|0|0
654|30.12.22 06:41|4,8|76,2|19,6|69,2|0|0|0
655|30.12.22 06:42|4,8|76,2|19,6|69,2|0|0|0
656|30.12.22 06:43|4,8|76,2|19,6|69,2|0|0|0
657|30.12.22 06:44|4,8|76,2|19,6|69,2|0|0|0
658|30.12.22 06:45|4,7|76,2|19,7|69,2|0|0|0
659|30.12.22 06:46|5|76,2|18,8|69,2|0|0|0
660|30.12.22 06:47|5|76,2|18,8|69,2|0|0|0
661|30.12.22 06:48|5|76,2|18,6|69,2|0|0|0
662|30.12.22 06:49|4,9|76,2|18,5|69,2|0|0|0
663|30.12.22 06:50|4,8|76,2|18,5|69,2|0|0|0
664|30.12.22 06:51|4,9|76,2|18,4|69,2|0|0|0
665|30.12.22 06:52|4,7|76,1|18,4|69,1|0|0|0
666|30.12.22 06:53|4,9|76,1|18,3|69,1|0|0|0
667|30.12.22 06:54|4,8|76,1|18,3|69,1|0|0|0
668|30.12.22 06:55|4,8|76,1|18,3|69,1|0|0|0
669|30.12.22 06:56|4,7|76,1|18,4|69|0|0|0
670|30.12.22 06:57|4,8|76,1|18,4|69|0|0|0
671|30.12.22 06:58|4,8|76,1|18,4|69|0|0|0
672|30.12.22 06:59|4,9|76,1|18,5|69|0|0|0
673|30.12.22 07:00|4,8|76,1|18,5|69|0|0|0
674|30.12.22 07:01|4,8|76,1|18,5|69|0|0|0
675|30.12.22 07:02|4,7|76,1|18,5|68,9|0|0|0
676|30.12.22 07:03|4,8|76,1|18,5|68,9|0|0|0
677|30.12.22 07:04|4,7|76,1|18,6|68,9|0|0|0
678|30.12.22 07:05|4,6|76,1|18,6|68,9|0|0|0
679|30.12.22 07:06|4,7|76,1|18,6|68,9|0|0|0
680|30.12.22 07:07|4,6|76,1|18,6|68,9|0|0|0
681|30.12.22 07:08|4,6|76,1|18,6|68,9|0|0|0
682|30.12.22 07:09|4,6|76,1|18,7|68,9|0|0|0
683|30.12.22 07:10|4,7|76,1|18,7|68,9|0|0|0
684|30.12.22 07:11|4,7|76,1|18,8|68,9|0|0|0
685|30.12.22 07:12|4,5|76,1|18,8|68,8|0|0|0
686|30.12.22 07:13|4,6|76,1|18,8|68,8|0|0|0
687|30.12.22 07:14|4,4|76|18,8|68,7|0|0|0
688|30.12.22 07:15|4,5|76|18,8|68,7|0|0|0
689|30.12.22 07:16|4,4|76|18,7|68,7|40|0|0
690|30.12.22 07:17|4,6|76|18,3|68,7|0|0|0
691|30.12.22 07:18|4,6|76|18,1|68,7|0|0|0
692|30.12.22 07:19|4,5|76|18,1|68,7|0|0|0
693|30.12.22 07:20|4,4|76|18|68,7|0|0|0
694|30.12.22 07:21|4,5|76|17,9|68,7|0|0|0
695|30.12.22 07:22|4,5|76|17,9|68,7|0|0|0
696|30.12.22 07:23|4,3|76|17,9|68,7|0|0|0
697|30.12.22 07:24|4,3|76|17,9|68,7|0|0|0
698|30.12.22 07:25|4,3|75,9|17,9|68,7|0|0|0
699|30.12.22 07:26|4,2|76|17,9|68,7|0|0|0
700|30.12.22 07:27|4,3|75,9|17,9|68,7|0|0|0
701|30.12.22 07:28|4,2|75,9|18|68,6|0|0|0
702|30.12.22 07:29|4,3|75,9|18,1|68,7|0|0|0
703|30.12.22 07:30|4,3|75,9|18,1|68,6|0|0|0
704|30.12.22 07:31|4,2|75,9|18,1|68,6|0|0|0
705|30.12.22 07:32|4,2|75,9|18,1|68,5|0|0|0
706|30.12.22 07:33|4,3|75,9|18,1|68,5|0|0|0
707|30.12.22 07:34|4,1|75,9|18,2|68,5|0|0|0
708|30.12.22 07:35|4,1|75,9|18,1|68,5|0|0|0
709|30.12.22 07:36|4,2|75,9|18,2|68,5|0|0|0
710|30.12.22 07:37|4,3|75,9|18,3|68,5|0|0|0
711|30.12.22 07:38|4,2|75,9|18,3|68,4|0|0|0
712|30.12.22 07:39|4,3|75,9|18,3|68,4|0|0|0
713|30.12.22 07:40|4,1|75,9|18,3|68,4|0|0|0
714|30.12.22 07:41|4,3|75,9|18,3|68,4|0|0|0
715|30.12.22 07:42|4,1|75,9|18,4|68,3|0|0|0
716|30.12.22 07:43|4,3|75,9|18,5|68,3|0|0|0
717|30.12.22 07:44|4,3|75,9|18,5|68,3|0|0|0
718|30.12.22 07:45|4,3|75,9|18,5|68,3|0|0|0
719|30.12.22 07:46|4,4|75,9|18,5|68,2|0|0|0
720|30.12.22 07:47|5|75,8|17,9|68,3|0|0|0
721|30.12.22 07:48|4,8|75,8|17,9|68,2|0|0|0
722|30.12.22 07:49|4,8|75,8|17,8|68,2|0|0|0
723|30.12.22 07:50|5,1|75,8|17,8|68,2|0|0|0
724|30.12.22 07:51|5,2|75,8|17,7|68,2|0|0|0
725|30.12.22 07:52|5,5|75,8|17,7|68,2|0|0|0
726|30.12.22 07:53|5,7|75,8|17,7|68,2|0|0|0
727|30.12.22 07:54|6|75,8|17,7|68,1|0|0|0
728|30.12.22 07:55|6,1|75,8|17,7|68,1|0|0|0
729|30.12.22 07:56|6,4|75,8|17,7|68|0|0|0
730|30.12.22 07:57|6,7|75,8|17,7|68|0|0|0
731|30.12.22 07:58|7,1|75,7|17,8|68|0|0|0
732|30.12.22 07:59|7,6|75,7|17,8|68|0|0|0
733|30.12.22 08:00|8,1|75,7|17,8|68|0|0|0
734|30.12.22 08:01|8,8|75,7|17,8|68|0|0|0
735|30.12.22 08:02|9,4|75,7|17,9|68|0|0|0
736|30.12.22 08:03|9,9|75,7|17,9|68|0|0|0
737|30.12.22 08:04|10,7|75,7|17,9|68|0|0|0
738|30.12.22 08:05|11,4|75,7|17,9|68|0|0|0
739|30.12.22 08:06|12|75,7|18|68|0|0|0
740|30.12.22 08:07|13,1|75,6|18|68|0|0|0
741|30.12.22 08:08|14|75,6|18,1|67,9|0|0|0
742|30.12.22 08:09|15,2|75,7|18,1|67,9|0|0|0
743|30.12.22 08:10|16,8|75,6|18,1|67,9|0|0|0
744|30.12.22 08:11|18,6|75,6|18,1|67,9|0|0|0
745|30.12.22 08:12|20,4|75,6|18,2|67,9|0|0|0
746|30.12.22 08:13|22,6|75,6|18,2|67,8|0|0|0
747|30.12.22 08:14|24,8|75,6|18,2|67,8|0|0|0
748|30.12.22 08:15|27,1|75,6|18,3|67,8|0|0|0
749|30.12.22 08:16|29,4|75,6|18,3|67,8|0|0|0
750|30.12.22 08:17|33,9|75,6|18,3|67,8|40|0|0
751|30.12.22 08:18|49,1|75,6|17,6|67,8|0|0|0
752|30.12.22 08:19|47,2|75,6|17,6|67,8|0|0|0
753|30.12.22 08:20|47,2|75,6|17,5|67,8|0|0|0
754|30.12.22 08:21|47,2|75,6|17,5|67,8|0|0|0
755|30.12.22 08:22|47,8|75,6|17,5|67,8|0|0|0
756|30.12.22 08:23|48,6|75,6|17,5|67,8|0|0|0
757|30.12.22 08:24|49,8|75,6|17,4|67,8|0|0|0
758|30.12.22 08:25|51|75,6|17,5|67,8|0|0|0
759|30.12.22 08:26|51,8|75,6|17,5|67,7|0|0|0
760|30.12.22 08:27|52,3|75,6|17,5|67,7|0|0|0
761|30.12.22 08:28|52,6|75,6|17,5|67,6|0|0|0
762|30.12.22 08:29|52,6|75,6|17,5|67,7|0|0|0
763|30.12.22 08:30|52,3|75,6|17,6|67,6|0|0|0
764|30.12.22 08:31|51,3|75,5|17,6|67,5|0|0|0
765|30.12.22 08:32|50,4|75,5|17,6|67,5|0|0|0
766|30.12.22 08:33|49,2|75,5|17,6|67,5|0|0|0
767|30.12.22 08:34|47,8|75,5|17,6|67,5|0|0|0
768|30.12.22 08:35|46,9|75,5|17,7|67,4|0|0|0
769|30.12.22 08:36|46|75,5|17,7|67,4|0|0|0
770|30.12.22 08:37|45,3|75,5|17,8|67,3|0|0|0
771|30.12.22 08:38|44,5|75,5|17,8|67,3|0|0|0
772|30.12.22 08:39|44,2|75,5|17,8|67,3|0|0|0
773|30.12.22 08:40|44,1|75,5|17,8|67,2|0|0|0
774|30.12.22 08:41|44|75,4|17,9|67,2|0|0|0
775|30.12.22 08:42|43,6|75,4|17,9|67,2|0|0|0
776|30.12.22 08:43|43,6|75,4|17,9|67,2|0|0|0
777|30.12.22 08:44|44|75,4|17,9|67,1|0|0|0
778|30.12.22 08:45|44,6|75,4|18|67,1|0|0|0
779|30.12.22 08:46|45,2|75,4|18|67|0|0|0
780|30.12.22 08:47|46|75,4|18,1|67|0|0|0
781|30.12.22 08:48|72,5|75,4|17,5|67|0|0|0
782|30.12.22 08:49|75,6|75,4|17,6|67|0|0|0
783|30.12.22 08:50|82,6|75,4|20,1|66,9|60|0|0
784|30.12.22 08:51|85,2|75,4|25,1|66,9|40|0|0
785|30.12.22 08:52|83|75,4|25,8|66,8|40|0|0
786|30.12.22 08:53|83,5|75,4|27,9|66,8|40|0|0
787|30.12.22 08:54|85,2|75,4|29|66,8|40|0|0
788|30.12.22 08:55|87,5|75,4|30,1|66,8|50|0|0
789|30.12.22 08:56|92,1|75,4|39,5|66,8|70|0|0
790|30.12.22 08:57|86,5|75,3|58,2|66,7|50|0|0
791|30.12.22 08:58|81,9|75,3|59,8|66,7|40|0|0
792|30.12.22 08:59|79,9|75,3|63,5|66,7|50|0|0
793|30.12.22 09:00|82,1|75,3|68,9|66,7|60|0|0
794|30.12.22 09:01|79,9|75,3|75,6|66,6|60|50|100
795|30.12.22 09:02|77|74,8|76|66,8|40|50|100
796|30.12.22 09:03|74,8|73|75,4|66,3|40|50|100
797|30.12.22 09:04|73,5|70,9|73,6|65,4|40|50|100
798|30.12.22 09:05|74,2|68,8|72|64,4|40|50|100
799|30.12.22 09:06|75,9|66,9|70,9|63,4|40|0|0
800|30.12.22 09:07|84,1|65,3|73,9|62,5|80|50|0
801|30.12.22 09:08|73|64,2|77,9|61,9|40|60|0
802|30.12.22 09:09|69,4|63,4|78,6|61,3|40|70|0
803|30.12.22 09:10|67,6|63|77,5|60,9|40|80|100
804|30.12.22 09:11|67,8|62,5|76,3|59,7|40|80|100
805|30.12.22 09:12|69,6|61,3|76,2|58,5|40|80|100
806|30.12.22 09:13|73,3|59,8|76,5|57,4|50|80|0
807|30.12.22 09:14|74,7|58,6|74,5|56,6|70|80|0
808|30.12.22 09:15|63,7|57,8|79,2|55,5|40|100|0
809|30.12.22 09:16|60,9|57,2|77,4|54,3|40|100|100
810|30.12.22 09:17|63,2|56,5|76,7|53,6|40|100|100
811|30.12.22 09:18|67|55,2|75,9|52,9|40|100|0
812|30.12.22 09:19|72,7|54|72,4|52|80|90|0
813|30.12.22 09:20|63|53,2|73,1|51,2|40|100|0
814|30.12.22 09:21|60,3|52,6|72,2|50,5|40|100|0
815|30.12.22 09:22|58,6|52,4|71,1|49,9|40|90|0
816|30.12.22 09:23|57,9|52,2|70,3|49,3|40|90|0
817|30.12.22 09:24|59,2|52,1|69,5|48,8|40|90|0
818|30.12.22 09:25|60,9|52|68,7|48,4|40|80|0
819|30.12.22 09:26|62,6|52|68|48,1|40|80|0
820|30.12.22 09:27|63|52|67,3|47,9|40|80|0
821|30.12.22 09:28|63,9|52|66|47,8|40|70|0
822|30.12.22 09:29|77,7|52|64,2|47,7|100|60|0
823|30.12.22 09:30|66,6|52|77,4|47,6|60|100|0
824|30.12.22 09:31|54,2|51,5|72,4|47,7|40|100|100
825|30.12.22 09:32|56,2|51,4|68,6|47,8|40|100|100
826|30.12.22 09:33|61,1|51,4|64,3|48,2|40|60|0
827|30.12.22 09:34|66,6|51|57,8|48,5|60|50|0
828|30.12.22 09:35|63,2|50,6|64,7|48,6|50|70|0
829|30.12.22 09:36|59,4|50,5|63,2|48,7|40|60|0
830|30.12.22 09:37|62,2|50,3|61,1|48,8|40|50|0
831|30.12.22 09:38|65,6|50,1|59,1|48,8|60|50|0
832|30.12.22 09:39|63|50,1|63,4|48,8|50|60|0
833|30.12.22 09:40|61,4|50|62,5|48,8|50|60|0
834|30.12.22 09:41|63,2|49,9|60,9|48,9|50|60|0
835|30.12.22 09:42|65,6|49,9|60,2|48,9|60|50|0
836|30.12.22 09:43|63,1|49,9|63,4|48,8|60|60|0
837|30.12.22 09:44|60,7|49,8|62,6|48,9|40|60|0
838|30.12.22 09:45|62,5|49,9|61,7|48,9|50|60|0
839|30.12.22 09:46|66,7|49,8|59,9|48,9|70|50|0
840|30.12.22 09:47|61,5|49,8|64,2|48,9|50|70|0
841|30.12.22 09:48|59,5|49,9|62,5|48,9|40|60|0
842|30.12.22 09:49|62,5|49,9|61,1|48,9|50|60|0
843|30.12.22 09:50|66,3|49,9|59,9|49|70|50|0
844|30.12.22 09:51|60,4|49,9|63,6|48,9|40|70|0
845|30.12.22 09:52|60,1|50|61,8|49,1|40|60|0
846|30.12.22 09:53|63,8|50,1|60|49,1|50|50|0
847|30.12.22 09:54|65,5|50,1|62,1|49,1|70|60|0
848|30.12.22 09:55|60,9|50,1|63,2|49,1|40|60|0
849|30.12.22 09:56|61,2|50,2|61,8|49,1|40|60|0
850|30.12.22 09:57|65,9|50,2|60,2|49,2|60|50|0
851|30.12.22 09:58|65|50,2|64,2|49,2|60|70|0
852|30.12.22 09:59|60,3|50,2|63,7|49,2|40|70|0
853|30.12.22 10:00|62|50,3|62,3|49,3|40|60|0
854|30.12.22 10:01|66,6|50,2|59,8|49,3|70|50|0
855|30.12.22 10:02|62,4|50,2|64,4|49,3|50|70|0
856|30.12.22 10:03|60,7|50,2|63,1|49,3|40|60|0
857|30.12.22 10:04|64,5|50,2|61,6|49,3|60|60|0
858|30.12.22 10:05|65,6|50,1|63,2|49,3|70|60|0
859|30.12.22 10:06|61,5|50,1|64|49,4|50|70|0
860|30.12.22 10:07|62,1|50,2|61,2|49,4|50|60|0
861|30.12.22 10:08|63|50,1|60,9|49,4|50|50|0
862|30.12.22 10:09|64,1|50,2|61|49,5|60|50|0
863|30.12.22 10:10|65,3|50,1|61,8|49,5|60|50|0
864|30.12.22 10:11|63,6|50,1|63,4|49,5|60|60|0
865|30.12.22 10:12|62,2|50,1|62,4|49,5|50|60|0
866|30.12.22 10:13|63,3|50,2|61,2|49,5|50|60|0
867|30.12.22 10:14|64,9|50,2|61,3|49,5|60|50|0
868|30.12.22 10:15|63,5|50,1|63|49,6|60|60|0
869|30.12.22 10:16|62,4|50,2|62,3|49,5|50|60|0
870|30.12.22 10:17|64,2|50,2|61,3|49,6|60|60|0
871|30.12.22 10:18|65|50,2|62,2|49,6|60|60|0
872|30.12.22 10:19|62,2|50,2|63,2|49,6|50|60|0
873|30.12.22 10:20|61,6|50,1|61,9|49,6|50|60|0
874|30.12.22 10:21|63,7|50,1|60,5|49,6|50|50|0
875|30.12.22 10:22|64,7|50,1|61,8|49,6|60|50|0
876|30.12.22 10:23|62,5|50,1|62,8|49,6|50|60|0
877|30.12.22 10:24|62,5|50,1|61,6|49,6|50|60|0
878|30.12.22 10:25|63,9|50,1|60,9|49,6|50|50|0
879|30.12.22 10:26|64,4|50,1|62|49,6|60|50|0
880|30.12.22 10:27|62,8|50,1|62,8|49,6|50|60|0
881|30.12.22 10:28|62,4|50,1|62|49,6|50|60|0
882|30.12.22 10:29|64,6|50,1|60,9|49,6|60|50|0
883|30.12.22 10:30|64,4|50,1|62,7|49,6|60|60|0
884|30.12.22 10:31|61,8|50,1|62,8|49,6|50|60|0
885|30.12.22 10:32|63,2|50,1|61,5|49,6|50|60|0
886|30.12.22 10:33|64,9|50,1|60,9|49,6|60|50|0
887|30.12.22 10:34|63,4|50,1|63|49,6|60|60|0
888|30.12.22 10:35|61,5|50|62,1|49,6|50|60|0
889|30.12.22 10:36|62,5|50,1|60,6|49,6|50|50|0
890|30.12.22 10:37|64,1|50|60,4|49,5|60|50|0
891|30.12.22 10:38|63,9|50|62,2|49,6|60|60|0
892|30.12.22 10:39|62,5|50|62,3|49,5|50|60|0
893|30.12.22 10:40|63,2|50|61,5|49,5|50|60|0
894|30.12.22 10:41|65|50|61,1|49,6|60|50|0
895|30.12.22 10:42|63,3|49,9|63,1|49,5|60|60|0
896|30.12.22 10:43|61,8|49,9|62,2|49,5|50|60|0
897|30.12.22 10:44|63,3|50|60,9|49,5|50|50|0
898|30.12.22 10:45|65|50|61,1|49,6|60|50|0
899|30.12.22 10:46|63|49,9|63|49,5|60|60|0
900|30.12.22 10:47|61,1|49,9|62,2|49,5|50|60|0
901|30.12.22 10:48|65,4|49,9|61,1|49,5|60|60|0
902|30.12.22 10:49|64,2|49,9|63,4|49,5|60|60|0
903|30.12.22 10:50|61,7|49,9|63|49,6|50|60|0
904|30.12.22 10:51|64,2|50|61,5|49,6|60|60|0
905|30.12.22 10:52|63|49,9|62,7|49,6|60|60|0
906|30.12.22 10:53|61,9|49,9|62,1|49,6|50|60|0
907|30.12.22 10:54|63|49,9|60,8|49,6|50|50|0
908|30.12.22 10:55|64|49,9|60,9|49,7|60|50|0
909|30.12.22 10:56|63,4|49,9|62,2|49,6|60|60|0
910|30.12.22 10:57|62,3|49,9|62,3|49,6|50|60|0
911|30.12.22 10:58|64,6|49,8|61,6|49,6|60|60|0
912|30.12.22 10:59|65,1|49,8|62,3|49,5|60|60|0
913|30.12.22 11:00|61,8|49,7|63,5|49,5|50|70|0
914|30.12.22 11:01|61,1|49,7|61,7|49,5|50|60|0
915|30.12.22 11:02|62,5|49,7|60,2|49,5|50|50|0
916|30.12.22 11:03|63,9|49,6|60,9|49,5|60|50|0
917|30.12.22 11:04|64,2|49,6|62|49,5|60|60|0
918|30.12.22 11:05|63|49,5|62,7|49,5|60|60|0
919|30.12.22 11:06|61,7|49,5|62,2|49,5|50|60|0
920|30.12.22 11:07|63,4|49,5|60,8|49,5|60|60|0
921|30.12.22 11:08|63,5|49,5|62|49,5|60|60|0
922|30.12.22 11:09|61,5|49,5|62|49,5|50|60|0
923|30.12.22 11:10|62,1|49,5|60,7|49,5|50|60|0
924|30.12.22 11:11|64|49,5|60,4|49,5|60|50|0
925|30.12.22 11:12|63,4|49,5|62,3|49,5|60|60|0
926|30.12.22 11:13|61,3|49,5|62|49,5|50|60|0
927|30.12.22 11:14|62,4|49,5|60,8|49,5|50|60|0
928|30.12.22 11:15|64,2|49,5|60,1|49,5|60|50|0
929|30.12.22 11:16|63,8|49,5|62,3|49,5|60|60|0
930|30.12.22 11:17|61,5|49,5|62,2|49,5|50|60|0
931|30.12.22 11:18|61,6|49,5|60,8|49,5|50|60|0
932|30.12.22 11:19|63,2|49,6|60|49,5|50|50|0
933|30.12.22 11:20|63,5|49,5|61,5|49,5|60|60|0
934|30.12.22 11:21|61,5|49,6|62|49,5|50|60|0
935|30.12.22 11:22|61,8|49,5|60,9|49,5|50|60|0
936|30.12.22 11:23|62,5|49,6|60,4|49,5|50|50|0
937|30.12.22 11:24|63,2|49,6|60,8|49,5|50|50|0
938|30.12.22 11:25|63,5|49,6|61,1|49,5|60|50|0
939|30.12.22 11:26|62,6|49,6|61,8|49,5|60|60|0
940|30.12.22 11:27|60,9|49,5|61,6|49,5|50|60|0
941|30.12.22 11:28|62,7|49,5|61|49,5|50|60|0
942|30.12.22 11:29|65,2|49,5|60|49,5|60|50|0
943|30.12.22 11:30|63|49,5|63|49,5|60|60|0
944|30.12.22 11:31|60,9|49,5|62,8|49,5|50|60|0
945|30.12.22 11:32|62,2|49,5|61,3|49,5|50|60|0
946|30.12.22 11:33|64|49,5|60,4|49,4|60|50|0
947|30.12.22 11:34|62|49,5|62,3|49,4|50|60|0
948|30.12.22 11:35|61,5|49,5|61,8|49,4|50|60|0
949|30.12.22 11:36|63,2|49,4|60,7|49,4|50|60|0
950|30.12.22 11:37|63,5|49,5|61,3|49,4|60|50|0
951|30.12.22 11:38|60,4|49,4|62,2|49,3|50|60|0
952|30.12.22 11:39|60,4|49,4|61,3|49,3|40|60|0
953|30.12.22 11:40|62,9|49,4|60,4|49,3|50|60|0
954|30.12.22 11:41|64,5|49,4|59,5|49,3|60|50|0
955|30.12.22 11:42|60,2|49,3|62,4|49,3|40|60|0
956|30.12.22 11:43|59|49,3|61,8|49,3|40|60|0
957|30.12.22 11:44|61,1|49,3|61,1|49,3|40|60|0
958|30.12.22 11:45|66,5|49,3|60|49,3|70|50|0
959|30.12.22 11:46|62,5|49,3|64,4|49,2|60|70|0
960|30.12.22 11:47|59,1|49,3|63,1|49,2|40|70|0
961|30.12.22 11:48|62,2|49,2|61,8|49,2|50|60|0
962|30.12.22 11:49|66,2|49,2|60,5|49,2|70|50|0
963|30.12.22 11:50|60,9|49,2|63,5|49,1|50|70|0
964|30.12.22 11:51|60,1|49,2|60,7|49,2|40|60|0
965|30.12.22 11:52|63,7|49,3|59|49,2|60|50|0
966|30.12.22 11:53|65,8|49,3|61,2|49,2|70|50|0
967|30.12.22 11:54|62,3|49,2|63,4|49,2|60|70|0
968|30.12.22 11:55|61,1|49,3|61,1|49,2|50|60|0
969|30.12.22 11:56|61,9|49,3|60|49,1|50|50|0
970|30.12.22 11:57|63,6|49,3|60,2|49,2|60|50|0
971|30.12.22 11:58|63,7|49,3|61,5|49,1|60|60|0
972|30.12.22 11:59|62,3|49,3|62|49,1|60|60|0
973|30.12.22 12:00|61,5|49,3|61,3|49,2|50|60|0
974|30.12.22 12:01|63,1|49,3|60,2|49,2|50|50|0
975|30.12.22 12:02|63,7|49,3|61,3|49,2|60|60|0
976|30.12.22 12:03|61,8|49,3|62,4|49,2|50|60|0
977|30.12.22 12:04|61,2|49,3|61,1|49,2|50|60|0
978|30.12.22 12:05|63|49,3|60|49,2|50|50|0
979|30.12.22 12:06|63,7|49,2|61,2|49,1|60|60|0
980|30.12.22 12:07|61,8|49,3|62,1|49,2|50|60|0
981|30.12.22 12:08|61,9|49,3|61|49,1|50|60|0
982|30.12.22 12:09|63,1|49,3|60|49,2|50|50|0
983|30.12.22 12:10|63,4|49,3|61,3|49,1|60|60|0
984|30.12.22 12:11|61,8|49,2|61,9|49,1|50|60|0
985|30.12.22 12:12|62,2|49,2|61|49,1|50|60|0
986|30.12.22 12:13|63,5|49,2|60,6|49,1|60|60|0
987|30.12.22 12:14|62,2|49,2|62|49,1|60|60|0
988|30.12.22 12:15|61,9|49,2|61,3|49,1|50|60|0
989|30.12.22 12:16|63,4|49,1|60,6|49,1|60|60|0
990|30.12.22 12:17|62,9|49,1|61,8|49,1|60|60|0
991|30.12.22 12:18|61,4|49,1|61,7|49,1|50|60|0
992|30.12.22 12:19|62,8|49,1|60,6|49,1|50|60|0
993|30.12.22 12:20|63,1|49,1|61,3|49,1|60|60|0
994|30.12.22 12:21|61,2|49,1|61,8|49,1|50|60|0
995|30.12.22 12:22|61,8|49,1|60,7|49,1|50|60|0
996|30.12.22 12:23|63,3|49,1|60|49,1|60|50|0
997|30.12.22 12:24|62,5|49,1|61,3|49,1|60|60|0
998|30.12.22 12:25|61,3|49,1|61,3|49|50|60|0
999|30.12.22 12:26|61,8|49,1|60,3|49,1|50|60|0
1000|30.12.22 12:27|63|49,1|60,2|49,1|50|60|0
1001|30.12.22 12:28|63,1|49,1|61,1|49|60|60|0
1002|30.12.22 12:29|61,8|49,1|61,7|49,1|50|60|0
1003|30.12.22 12:30|62,7|49,1|60,9|49|50|60|0
1004|30.12.22 12:31|63,4|49,1|60,7|49|60|60|0
1005|30.12.22 12:32|61,7|49,1|62|49|50|60|0
1006|30.12.22 12:33|61,5|49,1|61,2|49|50|60|0
1007|30.12.22 12:34|64|49,1|60,1|49|60|60|0
1008|30.12.22 12:35|63|49,1|61,9|49|60|60|0
1009|30.12.22 12:36|60,3|49,1|61,9|49|50|60|0
1010|30.12.22 12:37|61,5|49,1|61,3|49|50|60|0
1011|30.12.22 12:38|65,4|49,1|60|49|70|50|0
1012|30.12.22 12:39|61,1|49,1|63,3|49|50|70|0
1013|30.12.22 12:40|59,6|49,1|61,9|49|40|60|0
1014|30.12.22 12:41|61,3|49,1|60,7|49|50|60|0
1015|30.12.22 12:42|65|49,1|59,1|49|60|50|0
1016|30.12.22 12:43|62,2|49,1|62,7|49|60|60|0
1017|30.12.22 12:44|60,6|49,1|62|49|50|60|0
1018|30.12.22 12:45|61,6|49,1|60,4|49|50|60|0
1019|30.12.22 12:46|63,1|49,1|59,1|49|60|50|0
1020|30.12.22 12:47|64|49|60,4|49|60|50|0
1021|30.12.22 12:48|60,5|49,1|62,4|49|50|60|0
1022|30.12.22 12:49|60|49,1|61,7|49|40|60|0
1023|30.12.22 12:50|62,4|49,1|60,9|49|50|60|0
1024|30.12.22 12:51|65,4|49|59,6|49|70|50|0
1025|30.12.22 12:52|60,2|49|63,2|49|50|70|0
1026|30.12.22 12:53|59,3|49|62,5|48,9|40|70|0
1027|30.12.22 12:54|61,9|49,1|61,5|49|50|60|0
1028|30.12.22 12:55|64,5|49|59,3|48,9|60|50|0
1029|30.12.22 12:56|61,1|49|62,8|48,9|50|60|0
1030|30.12.22 12:57|59,3|49|62|48,9|40|60|0
1031|30.12.22 12:58|61,2|49|61,2|48,9|50|60|0
1032|30.12.22 12:59|65,1|49|59,1|48,9|70|50|0
1033|30.12.22 13:00|60,8|48,9|62,9|48,9|50|70|0
1034|30.12.22 13:01|58,8|49|62,3|48,9|40|70|0
1035|30.12.22 13:02|60,4|49|61,6|48,9|40|60|0
1036|30.12.22 13:03|65|48,9|60|48,9|70|60|0
1037|30.12.22 13:04|61,8|48,9|63,4|48,9|50|70|0
1038|30.12.22 13:05|58|48,9|62,8|48,9|40|70|0
1039|30.12.22 13:06|60,3|48,9|61,8|48,9|40|60|0
1040|30.12.22 13:07|63,8|48,9|59,8|48,9|60|50|0
1041|30.12.22 13:08|62,9|48,9|61,3|48,8|60|60|0
1042|30.12.22 13:09|59|48,9|61,8|48,8|40|60|0
1043|30.12.22 13:10|59,5|48,9|61|48,8|40|60|0
1044|30.12.22 13:11|62|48,9|60,2|48,8|50|60|0
1045|30.12.22 13:12|64,6|48,9|58,3|48,8|70|50|0
1046|30.12.22 13:13|59,7|48,8|62,5|48,7|40|60|0
1047|30.12.22 13:14|58,2|48,9|61,9|48,8|40|60|0
1048|30.12.22 13:15|60,2|48,9|61,1|48,8|40|60|0
1049|30.12.22 13:16|63,3|48,9|59,8|48,7|60|50|0
1050|30.12.22 13:17|63,6|48,8|59,8|48,7|60|50|0
1051|30.12.22 13:18|59,1|48,8|62|48,7|40|60|0
1052|30.12.22 13:19|58|48,8|61,3|48,7|40|60|0
1053|30.12.22 13:20|60,3|48,8|60,6|48,7|40|60|0
1054|30.12.22 13:21|63,4|48,7|59,3|48,7|60|50|0
1055|30.12.22 13:22|63,2|48,7|59,5|48,6|60|50|0
1056|30.12.22 13:23|59|48,7|61,7|48,6|40|60|0
1057|30.12.22 13:24|58,2|48,7|61,1|48,6|40|60|0
1058|30.12.22 13:25|60,3|48,7|60,4|48,6|40|60|0
1059|30.12.22 13:26|62,4|48,6|58,8|48,6|50|50|0
1060|30.12.22 13:27|62|48,6|59|48,6|60|50|0
1061|30.12.22 13:28|59,5|48,6|60,5|48,6|40|60|0
1062|30.12.22 13:29|59|48,6|60,2|48,6|40|60|0
1063|30.12.22 13:30|60,1|48,6|59,8|48,6|40|60|0
1064|30.12.22 13:31|61,6|48,6|59|48,5|50|50|0
1065|30.12.22 13:32|61,3|48,5|58|48,5|50|50|0
1066|30.12.22 13:33|61,2|48,5|58,6|48,5|50|50|0
1067|30.12.22 13:34|60,4|48,5|59,2|48,5|50|50|0
1068|30.12.22 13:35|59,4|48,5|59,4|48,4|40|50|0
1069|30.12.22 13:36|58,9|48,5|59|48,4|40|50|0
1070|30.12.22 13:37|59,8|48,4|58,6|48,4|40|50|0
1071|30.12.22 13:38|61,1|48,4|58,3|48,3|50|50|0
1072|30.12.22 13:39|61|48,4|57,9|48,3|50|50|0
1073|30.12.22 13:40|60,1|48,3|58,4|48,3|50|50|0
1074|30.12.22 13:41|58,9|48,3|58,6|48,3|40|50|0
1075|30.12.22 13:42|58,4|48,3|58,6|48,2|40|50|0
1076|30.12.22 13:43|58,8|48,2|58,2|48,1|40|50|0
1077|30.12.22 13:44|59|48,2|57,9|48,1|40|50|0
1078|30.12.22 14:45|59,5|48,1|57,2|48|40|50|0
1079|30.12.22 14:46|59,4|48,1|56,8|48|40|50|0
1080|30.12.22 14:47|59,8|48|56,4|48|40|50|0
1081|30.12.22 14:48|59,9|48|56,4|47,9|50|50|0
1082|30.12.22 14:49|59|48|56,9|47,9|40|50|0
